=== Results for: .\sample_files\TC3.txt ===
COUNT: 12624
MEAN: 249.77621989860583
MEDIAN: 249.0
MODE: 94.0
SD: 145.31784980917962
Variance: 21117.27747316329
Total execution time 0.048055410385131836
----------------------------------------
