=== Results for: .\sample_files\TC4.txt ===
COUNT: 12624
MEAN: 149.00267347908746
MEDIAN: 147.75
MODE: 123.75
SD: 130.41441961308894
Variance: 17007.920843018837
Total execution time 0.04508566856384277
----------------------------------------
