=== Results for: .\sample_files\TC6.txt ===
COUNT: 3000
MEAN: 1.8790659927977473e+20
MEDIAN: 1.88008049965543e+20
MODE: 1.27620004531949e+20
SD: 1.0738205017381e+20
Variance: 1.1530904699530647e+40
Total execution time 0.03818845748901367
----------------------------------------
