=== Results for: .\sample_files\TC7.txt ===
COUNT: 12767
MEAN: 2.474673954997149e+20
MEDIAN: 2.4664097307429e+20
MODE: 1.57638329490099e+20
SD: 1.4460564700984703e+20
Variance: 2.0910793147136484e+40
Total execution time 0.0835568904876709
----------------------------------------
